0   , 262385 , , 255    
1   , 262385 , , 255    
2   , 262385 , , 255    
3   , 262385 , , 255    
4   , 262385 , , 255    
5   , 262386 , , 255    
6   , 262386 , , 255    
7   , 262386 , , 255    
8   , 262386 , , 255    
9   , 262389 , , 255    
10  , 262390 , , 255    
11  , 262390 , , 255    
12  , 262390 , , 255    
13  , 262390 , , 255    
14  , 262391 , , 255    
15  , 262391 , , 255    
16  , 262391 , , 255    
17  , 262391 , , 255    
18  , 262392 , , 255    
19  , 262392 , , 255    
20  , 262392 , , 255    
21  , 262392 , , 255    
22  , 262392 , , 255    
23  , 262393 , , 255    
24  , 262394 , , 255    
25  , 262394 , , 255    
26  , 262394 , , 255    
27  , 262394 , , 255    
28  , 262394 , , 255    
29  , 262395 , , 255    
30  , 262395 , , 255    
31  , 262395 , , 255    
32  , 262395 , , 255    
33  , 262396 , , 255    
34  , 262396 , , 255    
35  , 262397 , , 255    
36  , 262397 , , 255    
37  , 262397 , , 255    
38  , 262397 , , 255    
39  , 262398 , , 255    
40  , 262398 , , 255    
41  , 262398 , , 255    
42  , 262400 , , 255    
43  , 262400 , , 255    
44  , 262400 , , 255    
45  , 262400 , , 255    
46  , 262401 , , 255    
47  , 262401 , , 255    
48  , 262401 , , 255    
49  , 262401 , , 255    
50  , 262402 , , 255    
51  , 262402 , , 255    
52  , 262403 , , 255    
53  , 262403 , , 255    
54  , 262403 , , 255    
55  , 262403 , , 255    
56  , 262404 , , 255    
57  , 262404 , , 255    
58  , 262404 , , 255    
59  , 262404 , , 255    
60  , 262405 , , 255    
61  , 262405 , , 255    
62  , 262406 , , 255    
63  , 262406 , , 255    
64  , 262406 , , 255    
65  , 262406 , , 255    
66  , 262406 , , 255    
67  , 262407 , , 255    
68  , 262407 , , 255    
69  , 262407 , , 255    
70  , 262407 , , 255    
71  , 262408 , , 255    
72  , 262409 , , 255    
73  , 262409 , , 255    
74  , 262409 , , 255    
75  , 262409 , , 255    
76  , 262410 , , 255    
77  , 262410 , , 255    
78  , 262410 , , 255    
79  , 262410 , , 255    
80  , 262412 , , 255    
81  , 262412 , , 255    
82  , 262412 , , 255    
83  , 262412 , , 255    
84  , 262413 , , 255    
85  , 262413 , , 255    
86  , 262413 , , 255    
87  , 262413 , , 255    
88  , 262414 , , 255    
89  , 262414 , , 255    
90  , 262415 , , 255    
91  , 262415 , , 255    
92  , 262415 , , 255    
93  , 262415 , , 255    
94  , 262416 , , 255    
95  , 262416 , , 255    
96  , 262416 , , 255    
97  , 262416 , , 255    
98  , 262416 , , 255    
99  , 262416 , , 255    
100 , 262417 , , 255    
101 , 262418 , , 255    
102 , 262418 , , 255    
103 , 262418 , , 255    
104 , 262419 , , 255    
105 , 262419 , , 255    
106 , 262419 , , 255    
107 , 262419 , , 255    
108 , 262420 , , 255    
109 , 262420 , , 255    
110 , 262421 , , 255    
111 , 262421 , , 255    
112 , 262421 , , 255    
113 , 262421 , , 255    
114 , 262422 , , 255    
115 , 262422 , , 255    
116 , 262422 , , 255    
117 , 262422 , , 255    
118 , 262422 , , 255    
119 , 262422 , , 255    
120 , 262424 , , 255    
121 , 262424 , , 255    
122 , 262424 , , 255    
123 , 262425 , , 255    
124 , 262425 , , 255    
125 , 262425 , , 255    
126 , 262425 , , 255    
127 , 262425 , , 255    
128 , 262426 , , 255    
129 , 262427 , , 255    
130 , 262427 , , 255    
131 , 262427 , , 255    
132 , 262427 , , 255    
133 , 262430 , , 255    
134 , 262430 , , 255    
135 , 262430 , , 255    
136 , 262430 , , 255    
137 , 262430 , , 255    
138 , 262431 , , 255    
139 , 262431 , , 255    
140 , 262431 , , 255    
141 , 262431 , , 255    
142 , 262432 , , 255    
143 , 262433 , , 255    
144 , 262433 , , 255    
145 , 262433 , , 255    
146 , 262433 , , 255    
147 , 262434 , , 255    
148 , 262434 , , 255    
149 , 262434 , , 255    
150 , 262434 , , 255    
151 , 262434 , , 255    
152 , 262436 , , 255    
153 , 262436 , , 255    
154 , 262436 , , 255    
155 , 262436 , , 255    
156 , 262437 , , 255    
157 , 262437 , , 255    
158 , 262437 , , 255    
159 , 262437 , , 255    
160 , 262441 , , 255    
161 , 262441 , , 255    
162 , 262442 , , 255    
163 , 262442 , , 255    
164 , 262442 , , 255    
165 , 262442 , , 255    
166 , 262443 , , 255    
167 , 262444 , , 255    
168 , 262444 , , 255    
169 , 262444 , , 255    
170 , 262445 , , 255    
171 , 262445 , , 255    
172 , 262445 , , 255    
173 , 262445 , , 255    
174 , 262445 , , 255    
175 , 262447 , , 255    
176 , 262448 , , 255    
177 , 262448 , , 255    
178 , 262448 , , 255    
179 , 262449 , , 255    
180 , 262450 , , 255    
181 , 262450 , , 255    
182 , 262450 , , 255    
183 , 262450 , , 255    
184 , 262451 , , 255    
185 , 262451 , , 255    
186 , 262451 , , 255    
187 , 262451 , , 255    
188 , 262452 , , 255    
189 , 262453 , , 255    
190 , 262453 , , 255    
191 , 262453 , , 255    
192 , 262453 , , 255    
193 , 262454 , , 255    
194 , 262454 , , 255    
195 , 262454 , , 255    
196 , 262454 , , 255    
197 , 262454 , , 255    
198 , 262455 , , 255    
199 , 262456 , , 255    
200 , 262456 , , 255    
201 , 262456 , , 255    
202 , 262457 , , 255    
203 , 262457 , , 255    
204 , 262457 , , 255    
205 , 262457 , , 255    
206 , 262459 , , 255    
207 , 262459 , , 255    
208 , 262460 , , 255    
209 , 262460 , , 255    
210 , 262460 , , 255    
211 , 262460 , , 255    
212 , 262461 , , 255    
213 , 262462 , , 255    
214 , 262462 , , 255    
215 , 262462 , , 255    
216 , 262462 , , 255    
217 , 262463 , , 255    
218 , 262463 , , 255    
219 , 262463 , , 255    
220 , 262463 , , 255    
221 , 262464 , , 255    
222 , 262465 , , 255    
223 , 262465 , , 255    
224 , 262465 , , 255    
225 , 262466 , , 255    
226 , 262466 , , 255    
227 , 262466 , , 255    
228 , 262466 , , 255    
229 , 262466 , , 255    
230 , 262467 , , 255    
231 , 262474 , , 255    
232 , 262474 , , 255    
233 , 262476 , , 255    
234 , 262477 , , 255    
235 , 262477 , , 255    
236 , 262479 , , 255    
237 , 262479 , , 255    
238 , 262480 , , 255    
239 , 262480 , , 255    
240 , 262480 , , 255    
241 , 262481 , , 255    
242 , 262482 , , 255    
243 , 262482 , , 255    
244 , 262482 , , 255    
245 , 262482 , , 255    
246 , 262483 , , 255    
247 , 262483 , , 255    
248 , 262483 , , 255    
249 , 262483 , , 255    
250 , 262485 , , 255    
251 , 262485 , , 255    
252 , 262485 , , 255    
253 , 262486 , , 255    
254 , 262486 , , 255    
255 , 262486 , , 255    
256 , 262486 , , 255    
257 , 262486 , , 255    
258 , 262486 , , 255    
259 , 262487 , , 255    
260 , 262488 , , 255    
261 , 262488 , , 255    
262 , 262489 , , 255    
263 , 262489 , , 255    
264 , 262489 , , 255    
265 , 262489 , , 255    
266 , 262489 , , 255    
267 , 262490 , , 255    
268 , 262491 , , 255    
269 , 262491 , , 255    
270 , 262491 , , 255    
271 , 262491 , , 255    
272 , 262492 , , 255    
273 , 262492 , , 255    
274 , 262492 , , 255    
275 , 262492 , , 255    
276 , 262492 , , 255    
277 , 262493 , , 255    
278 , 262494 , , 255    
279 , 262494 , , 255    
280 , 262494 , , 255    
281 , 262494 , , 255    
282 , 262495 , , 255    
283 , 262495 , , 255    
284 , 262495 , , 255    
285 , 262495 , , 255    
286 , 262498 , , 255    
287 , 262498 , , 255    
288 , 262498 , , 255    
289 , 262499 , , 255    
290 , 262500 , , 255    
291 , 262500 , , 255    
292 , 262500 , , 255    
293 , 262500 , , 255    
294 , 262501 , , 255    
295 , 262501 , , 255    
296 , 262501 , , 255    
297 , 262501 , , 255    
298 , 262502 , , 255    
299 , 262502 , , 255    
300 , 262503 , , 255    
301 , 262503 , , 255    
302 , 262503 , , 255    
303 , 262503 , , 255    
304 , 262504 , , 255    
305 , 262504 , , 255    
306 , 262504 , , 255    
307 , 262504 , , 255    
308 , 262504 , , 255    
309 , 262505 , , 255    
310 , 262506 , , 255    
311 , 262506 , , 255    
312 , 262506 , , 255    
313 , 262506 , , 255    
314 , 262506 , , 255    
315 , 262506 , , 255    
316 , 262507 , , 255    
317 , 262507 , , 255    
318 , 262507 , , 255    
319 , 262507 , , 255    
320 , 262509 , , 255    
321 , 262509 , , 255    
322 , 262510 , , 255    
323 , 262510 , , 255    
324 , 262510 , , 255    
325 , 262510 , , 255    
326 , 262510 , , 255    
327 , 262511 , , 255    
328 , 262512 , , 255    
329 , 262512 , , 255    
330 , 262512 , , 255    
331 , 262512 , , 255    
332 , 262513 , , 255    
333 , 262513 , , 255    
334 , 262513 , , 255    
335 , 262513 , , 255    
336 , 262514 , , 255    
337 , 262514 , , 255    
338 , 262515 , , 255    
339 , 262515 , , 255    
340 , 262515 , , 255    
341 , 262515 , , 255    
342 , 262515 , , 255    
343 , 262516 , , 255    
344 , 262516 , , 255    
345 , 262516 , , 255    
346 , 262516 , , 255    
347 , 262517 , , 255    
348 , 262518 , , 255    
349 , 262518 , , 255    
350 , 262518 , , 255    
351 , 262519 , , 255    
352 , 262519 , , 255    
353 , 262519 , , 255    
354 , 262519 , , 255    
355 , 262521 , , 255    
356 , 262521 , , 255    
357 , 262521 , , 255    
358 , 262521 , , 255    
359 , 262522 , , 255    
360 , 262522 , , 255    
361 , 262522 , , 255    
362 , 262522 , , 255    
363 , 262523 , , 255    
364 , 262523 , , 255    
365 , 262524 , , 255    
366 , 262524 , , 255    
367 , 262524 , , 255    
368 , 262524 , , 255    
369 , 262525 , , 255    
370 , 262525 , , 255    
371 , 262525 , , 255    
372 , 262525 , , 255    
373 , 262525 , , 255    
374 , 262526 , , 255    
375 , 262526 , , 255    
376 , 262527 , , 255    
377 , 262527 , , 255    
378 , 262527 , , 255    
379 , 262527 , , 255    
380 , 262528 , , 255    
381 , 262528 , , 255    
382 , 262528 , , 255    
383 , 262529 , , 255    
384 , 262530 , , 255    
385 , 262530 , , 255    
386 , 262530 , , 255    
387 , 262530 , , 255    
388 , 262531 , , 255    
389 , 262531 , , 255    
390 , 262531 , , 255    
391 , 262531 , , 255    
392 , 262533 , , 255    
393 , 262533 , , 255    
394 , 262533 , , 255    
395 , 262533 , , 255    
396 , 262534 , , 255    
397 , 262534 , , 255    
398 , 262534 , , 255    
399 , 262534 , , 255    
400 , 262535 , , 255    
401 , 262535 , , 255    
402 , 262536 , , 255    
403 , 262536 , , 255    
404 , 262536 , , 255    
405 , 262536 , , 255    
406 , 262537 , , 255    
407 , 262537 , , 255    
408 , 262537 , , 255    
409 , 262537 , , 255    
410 , 262541 , , 255    
411 , 262541 , , 255    
412 , 262542 , , 255    
413 , 262542 , , 255    
414 , 262542 , , 255    
415 , 262542 , , 255    
416 , 262544 , , 255    
417 , 262544 , , 255    
418 , 262544 , , 255    
419 , 262545 , , 255    
420 , 262545 , , 255    
421 , 262545 , , 255    
422 , 262545 , , 255    
423 , 262546 , , 255    
424 , 262547 , , 255    
425 , 262547 , , 255    
426 , 262547 , , 255    
427 , 262548 , , 255    
428 , 262548 , , 255    
429 , 262548 , , 255    
430 , 262549 , , 255    
431 , 262550 , , 255    
432 , 262550 , , 255    
433 , 262550 , , 255    
434 , 262550 , , 255    
435 , 262551 , , 255    
436 , 262551 , , 255    
437 , 262551 , , 255    
438 , 262551 , , 255    
439 , 262551 , , 255    
440 , 262552 , , 255    
441 , 262553 , , 255    
442 , 262553 , , 255    
443 , 262553 , , 255    
444 , 262553 , , 255    
445 , 262553 , , 255    
446 , 262554 , , 255    
447 , 262554 , , 255    
448 , 262554 , , 255    
449 , 262554 , , 255    
450 , 262556 , , 255    
451 , 262556 , , 255    
452 , 262556 , , 255    
453 , 262557 , , 255    
454 , 262557 , , 255    
455 , 262557 , , 255    
456 , 262557 , , 255    
457 , 262558 , , 255    
458 , 262559 , , 255    
459 , 262559 , , 255    
460 , 262559 , , 255    
461 , 262560 , , 255    
462 , 262560 , , 255    
463 , 262560 , , 255    
464 , 262560 , , 255    
465 , 262560 , , 255    
466 , 262561 , , 255    
467 , 262562 , , 255    
468 , 262562 , , 255    
469 , 262562 , , 255    
470 , 262562 , , 255    
471 , 262562 , , 255    
472 , 262563 , , 255    
473 , 262563 , , 255    
474 , 262563 , , 255    
475 , 262563 , , 255    
476 , 262565 , , 255    
477 , 262565 , , 255    
478 , 262565 , , 255    
479 , 262565 , , 255    
480 , 262566 , , 255    
481 , 262566 , , 255    
482 , 262566 , , 255    
483 , 262566 , , 255    
484 , 262566 , , 255    
485 , 262569 , , 255    
486 , 262570 , , 255    
487 , 262570 , , 255    
488 , 262570 , , 255    
489 , 262571 , , 255    
490 , 262571 , , 255    
491 , 262571 , , 255    
492 , 262571 , , 255    
493 , 262572 , , 255    
494 , 262572 , , 255    
495 , 262572 , , 255    
496 , 262572 , , 255    
497 , 262572 , , 255    
498 , 262573 , , 255    
499 , 262573 , , 255    
500 , 262574 , , 255    
501 , 262574 , , 255    
502 , 262574 , , 255    
503 , 262574 , , 255    
504 , 262575 , , 255    
505 , 262575 , , 255    
506 , 262575 , , 255    
507 , 262575 , , 255    
508 , 262576 , , 255    
509 , 262577 , , 255    
510 , 262577 , , 255    
511 , 262577 , , 255    
512 , 262577 , , 255    
513 , 262578 , , 255    
514 , 262578 , , 255    
515 , 262578 , , 255    
516 , 262580 , , 255    
517 , 262580 , , 255    
518 , 262580 , , 255    
519 , 262581 , , 255    
520 , 262581 , , 255    
521 , 262581 , , 255    
522 , 262581 , , 255    
523 , 262581 , , 255    
524 , 262582 , , 255    
525 , 262583 , , 255    
526 , 262583 , , 255    
527 , 262583 , , 255    
528 , 262583 , , 255    
529 , 262583 , , 255    
530 , 262584 , , 255    
531 , 262584 , , 255    
532 , 262584 , , 255    
533 , 262584 , , 255    
534 , 262585 , , 255    
535 , 262586 , , 255    
536 , 262586 , , 255    
537 , 262586 , , 255    
538 , 262586 , , 255    
539 , 262586 , , 255    
540 , 262587 , , 255    
541 , 262587 , , 255    
542 , 262587 , , 255    
543 , 262587 , , 255    
544 , 262588 , , 255    
545 , 262589 , , 255    
546 , 262589 , , 255    
547 , 262589 , , 255    
548 , 262590 , , 255    
549 , 262590 , , 255    
550 , 262590 , , 255    
551 , 262590 , , 255    
552 , 262590 , , 255    
553 , 262592 , , 255    
554 , 262592 , , 255    
555 , 262592 , , 255    
556 , 262592 , , 255    
557 , 262593 , , 255    
558 , 262593 , , 255    
559 , 262593 , , 255    
560 , 262593 , , 255    
561 , 262594 , , 255    
562 , 262595 , , 255    
563 , 262595 , , 255    
564 , 262595 , , 255    
565 , 262595 , , 255    
566 , 262596 , , 255    
567 , 262596 , , 255    
568 , 262596 , , 255    
569 , 262596 , , 255    
570 , 262596 , , 255    
571 , 262597 , , 255    
572 , 262598 , , 255    
573 , 262598 , , 255    
574 , 262598 , , 255    
575 , 262599 , , 255    
576 , 262599 , , 255    
577 , 262599 , , 255    
578 , 262599 , , 255    
579 , 262600 , , 255    
580 , 262601 , , 255    
581 , 262601 , , 255    
582 , 262601 , , 255    
583 , 262601 , , 255    
584 , 262601 , , 255    
585 , 262602 , , 255    
586 , 262602 , , 255    
587 , 262602 , , 255    
588 , 262602 , , 255    
589 , 262604 , , 255    
590 , 262605 , , 255    
591 , 262605 , , 255    
592 , 262605 , , 255    
593 , 262606 , , 255    
594 , 262607 , , 255    
595 , 262607 , , 255    
596 , 262607 , , 255    
597 , 262607 , , 255    
598 , 262607 , , 255    
599 , 262608 , , 255    
600 , 262608 , , 255    
601 , 262609 , , 255    
602 , 262610 , , 255    
603 , 262610 , , 255    
604 , 262610 , , 255    
605 , 262610 , , 255    
606 , 262610 , , 255    
607 , 262611 , , 255    
608 , 262611 , , 255    
609 , 262611 , , 255    
610 , 262611 , , 255    
611 , 262612 , , 255    
612 , 262613 , , 255    
613 , 262613 , , 255    
614 , 262613 , , 255    
615 , 262613 , , 255    
616 , 262614 , , 255    
617 , 262614 , , 255    
618 , 262614 , , 255    
619 , 262614 , , 255    
620 , 262616 , , 255    
621 , 262616 , , 255    
622 , 262616 , , 255    
623 , 262616 , , 255    
624 , 262617 , , 255    
625 , 262617 , , 255    
626 , 262617 , , 255    
627 , 262617 , , 255    
628 , 262618 , , 255    
629 , 262619 , , 255    
630 , 262619 , , 255    
631 , 262619 , , 255    
632 , 262620 , , 255    
633 , 262620 , , 255    
634 , 262620 , , 255    
635 , 262620 , , 255    
636 , 262621 , , 255    
637 , 262621 , , 255    
638 , 262622 , , 255    
639 , 262622 , , 255    
640 , 262622 , , 255    
641 , 262622 , , 255    
642 , 262622 , , 255    
643 , 262623 , , 255    
644 , 262623 , , 255    
645 , 262623 , , 255    
646 , 262623 , , 255    
647 , 262624 , , 255    
648 , 262625 , , 255    
649 , 262625 , , 255    
650 , 262625 , , 255    
651 , 262625 , , 255    
652 , 262625 , , 255    
653 , 262626 , , 255    
654 , 262626 , , 255    
655 , 262626 , , 255    
656 , 262626 , , 255    
657 , 262628 , , 255    
658 , 262628 , , 255    
659 , 262629 , , 255    
660 , 262629 , , 255    
661 , 262629 , , 255    
662 , 262629 , , 255    
663 , 262630 , , 255    
664 , 262630 , , 255    
665 , 262631 , , 255    
666 , 262631 , , 255    
667 , 262631 , , 255    
668 , 262631 , , 255    
669 , 262632 , , 255    
670 , 262632 , , 255    
671 , 262632 , , 255    
672 , 262632 , , 255    
673 , 262633 , , 255    
674 , 262633 , , 255    
675 , 262634 , , 255    
676 , 262634 , , 255    
677 , 262634 , , 255    
678 , 262634 , , 255    
679 , 262635 , , 255    
680 , 262635 , , 255    
681 , 262635 , , 255    
682 , 262635 , , 255    
683 , 262635 , , 255    
684 , 262636 , , 255    
685 , 262637 , , 255    
686 , 262637 , , 255    
687 , 262637 , , 255    
688 , 262638 , , 255    
689 , 262638 , , 255    
690 , 262638 , , 255    
691 , 262640 , , 255    
692 , 262640 , , 255    
693 , 262641 , , 255    
694 , 262641 , , 255    
695 , 262641 , , 255    
696 , 262641 , , 255    
697 , 262641 , , 255    
698 , 262643 , , 255    
699 , 262643 , , 255    
700 , 262644 , , 255    
701 , 262644 , , 255    
702 , 262644 , , 255    
703 , 262644 , , 255    
704 , 262644 , , 255    
705 , 262645 , , 255    
706 , 262646 , , 255    
707 , 262646 , , 255    
708 , 262646 , , 255    
709 , 262646 , , 255    
710 , 262647 , , 255    
711 , 262647 , , 255    
712 , 262647 , , 255    
713 , 262647 , , 255    
714 , 262652 , , 255    
715 , 262653 , , 255    
716 , 262653 , , 255    
717 , 262653 , , 255    
718 , 262653 , , 255    
719 , 262654 , , 255    
720 , 262654 , , 255    
721 , 262654 , , 255    
722 , 262654 , , 255    
723 , 262655 , , 255    
724 , 262655 , , 255    
725 , 262655 , , 255    
726 , 262655 , , 255    
727 , 262656 , , 255    
728 , 262656 , , 255    
729 , 262657 , , 255    
730 , 262657 , , 255    
731 , 262657 , , 255    
732 , 262658 , , 255    
733 , 262658 , , 255    
734 , 262659 , , 255    
735 , 262660 , , 255    
736 , 262660 , , 255    
737 , 262660 , , 255    
738 , 262660 , , 255    
739 , 262660 , , 255    
740 , 262661 , , 255    
741 , 262661 , , 255    
742 , 262661 , , 255    
743 , 262661 , , 255    
744 , 262663 , , 255    
745 , 262663 , , 255    
746 , 262663 , , 255    
747 , 262664 , , 255    
748 , 262664 , , 255    
749 , 262664 , , 255    
750 , 262664 , , 255    
751 , 262664 , , 255    
752 , 262665 , , 255    
753 , 262665 , , 255    
754 , 262666 , , 255    
755 , 262666 , , 255    
756 , 262666 , , 255    
757 , 262666 , , 255    
758 , 262667 , , 255    
759 , 262667 , , 255    
760 , 262667 , , 255    
761 , 262667 , , 255    
762 , 262669 , , 255    
763 , 262669 , , 255    
764 , 262669 , , 255    
765 , 262670 , , 255    
766 , 262670 , , 255    
767 , 262670 , , 255    
768 , 262670 , , 255    
769 , 262670 , , 255    
770 , 262671 , , 255    
771 , 262672 , , 255    
772 , 262672 , , 255    
773 , 262672 , , 255    
774 , 262672 , , 255    
775 , 262672 , , 255    
776 , 262673 , , 255    
777 , 262673 , , 255    
778 , 262673 , , 255    
779 , 262673 , , 255    
780 , 262678 , , 255    
781 , 262679 , , 255    
782 , 262680 , , 255    
783 , 262680 , , 255    
784 , 262680 , , 255    
785 , 262680 , , 255    
786 , 262681 , , 255    
787 , 262681 , , 255    
788 , 262681 , , 255    
789 , 262681 , , 255    
790 , 262681 , , 255    
791 , 262682 , , 255    
792 , 262682 , , 255    
793 , 262683 , , 255    
794 , 262683 , , 255    
795 , 262683 , , 255    
796 , 262683 , , 255    
797 , 262684 , , 255    
798 , 262684 , , 255    
799 , 262684 , , 255    
800 , 262684 , , 255    
801 , 262684 , , 255    
802 , 262686 , , 255    
803 , 262686 , , 255    
804 , 262686 , , 255    
805 , 262687 , , 255    
806 , 262687 , , 255    
807 , 262687 , , 255    
808 , 262687 , , 255    
809 , 262687 , , 255    
810 , 262689 , , 255    
811 , 262689 , , 255    
812 , 262689 , , 255    
813 , 262690 , , 255    
814 , 262690 , , 255    
815 , 262690 , , 255    
816 , 262690 , , 255    
817 , 262690 , , 255    
818 , 262691 , , 255    
819 , 262692 , , 255    
820 , 262692 , , 255    
821 , 262692 , , 255    
822 , 262692 , , 255    
823 , 262693 , , 255    
824 , 262693 , , 255    
825 , 262693 , , 255    
826 , 262693 , , 255    
827 , 262693 , , 255    
828 , 262694 , , 255    
829 , 262695 , , 255    
830 , 262695 , , 255    
831 , 262695 , , 255    
832 , 262695 , , 255    
833 , 262696 , , 255    
834 , 262696 , , 255    
835 , 262696 , , 255    
836 , 262696 , , 255    
837 , 262696 , , 255    
838 , 262698 , , 255    
839 , 262698 , , 255    
840 , 262699 , , 255    
841 , 262699 , , 255    
842 , 262699 , , 255    
843 , 262699 , , 255    
844 , 262700 , , 255    
845 , 262701 , , 255    
846 , 262701 , , 255    
847 , 262701 , , 255    
848 , 262701 , , 255    
849 , 262701 , , 255    
850 , 262702 , , 255    
851 , 262702 , , 255    
852 , 262702 , , 255    
853 , 262702 , , 255    
854 , 262703 , , 255    
855 , 262704 , , 255    
856 , 262737 , , 255    
857 , 262737 , , 255    
858 , 262737 , , 255    
859 , 262738 , , 255    
860 , 262738 , , 255    
861 , 262738 , , 255    
862 , 262739 , , 255    
863 , 262740 , , 255    
864 , 262740 , , 255    
865 , 262740 , , 255    
866 , 262740 , , 255    
867 , 262741 , , 255    
868 , 262741 , , 255    
869 , 262741 , , 255    
870 , 262741 , , 255    
871 , 262741 , , 255    
872 , 262742 , , 255    
873 , 262743 , , 255    
874 , 262743 , , 255    
875 , 262743 , , 255    
876 , 262743 , , 255    
877 , 262744 , , 255    
878 , 262744 , , 255    
879 , 262744 , , 255    
880 , 262744 , , 255    
881 , 262744 , , 255    
882 , 262746 , , 255    
883 , 262746 , , 255    
884 , 262746 , , 255    
885 , 262747 , , 255    
886 , 262747 , , 255    
887 , 262747 , , 255    
888 , 262747 , , 255    
889 , 262748 , , 255    
890 , 262749 , , 255    
891 , 262749 , , 255    
892 , 262749 , , 255    
893 , 262750 , , 255    
894 , 262750 , , 255    
895 , 262750 , , 255    
896 , 262750 , , 255    
897 , 262751 , , 255    
898 , 262751 , , 255    
899 , 262752 , , 255    
900 , 262752 , , 255    
901 , 262752 , , 255    
902 , 262753 , , 255    
903 , 262753 , , 255    
904 , 262753 , , 255    
905 , 262753 , , 255    
906 , 262753 , , 255    
907 , 262754 , , 255    
908 , 262755 , , 255    
909 , 262755 , , 255    
910 , 262755 , , 255    
911 , 262755 , , 255    
912 , 262755 , , 255    
913 , 262756 , , 255    
914 , 262756 , , 255    
915 , 262756 , , 255    
916 , 262756 , , 255    
917 , 262758 , , 255    
918 , 262758 , , 255    
919 , 262759 , , 255    
920 , 262759 , , 255    
921 , 262759 , , 255    
922 , 262759 , , 255    
923 , 262760 , , 255    
924 , 262761 , , 255    
925 , 262761 , , 255    
926 , 262761 , , 255    
927 , 262761 , , 255    
928 , 262762 , , 255    
929 , 262762 , , 255    
930 , 262762 , , 255    
931 , 262762 , , 255    
932 , 262762 , , 255    
933 , 262763 , , 255    
934 , 262764 , , 255    
935 , 262764 , , 255    
936 , 262764 , , 255    
937 , 262764 , , 255    
938 , 262764 , , 255    
939 , 262765 , , 255    
940 , 262765 , , 255    
941 , 262765 , , 255    
942 , 262765 , , 255    
943 , 262765 , , 255    
944 , 262766 , , 255    
945 , 262766 , , 255    
946 , 262767 , , 255    
947 , 262767 , , 255    
948 , 262767 , , 255    
949 , 262767 , , 255    
950 , 262768 , , 255    
951 , 262768 , , 255    
952 , 262768 , , 255    
953 , 262770 , , 255    
954 , 262770 , , 255    
955 , 262770 , , 255    
956 , 262771 , , 255    
957 , 262771 , , 255    
958 , 262771 , , 255    
959 , 262771 , , 255    
960 , 262771 , , 255    
961 , 262772 , , 255    
962 , 262773 , , 255    
963 , 262773 , , 255    
964 , 262773 , , 255    
965 , 262773 , , 255    
966 , 262774 , , 255    
967 , 262774 , , 255    
968 , 262774 , , 255    
969 , 262774 , , 255    
970 , 262774 , , 255    
971 , 262775 , , 255    
972 , 262776 , , 255    
973 , 262776 , , 255    
974 , 262776 , , 255    
975 , 262776 , , 255    
976 , 262777 , , 255    
977 , 262777 , , 255    
978 , 262777 , , 255    
979 , 262777 , , 255    
980 , 262840 , , 14     
981 , 262840 , , 14     
982 , 262840 , , 14     
983 , 262840 , , 14     
984 , 262841 , , 14     
985 , 262841 , , 14     
986 , 262842 , , 14     
987 , 262842 , , 14     
988 , 262842 , , 14     
989 , 262842 , , 14     
990 , 262842 , , 14     
991 , 262843 , , 14     
992 , 262843 , , 14     
993 , 262843 , , 14     
994 , 262843 , , 14     
995 , 262844 , , 14     
996 , 262845 , , 14     
997 , 262845 , , 14     
998 , 262845 , , 14     
999 , 262845 , , 14     
1000, 262846 , , 14     
1001, 262846 , , 14     
1002, 262846 , , 14     
1003, 262846 , , 14     
1004, 262847 , , 14     
1005, 262848 , , 14     
1006, 262848 , , 14     
1007, 262848 , , 14     
1008, 262849 , , 14     
1009, 262849 , , 14     
1010, 262849 , , 14     
1011, 262849 , , 14     
1012, 262851 , , 14     
1013, 262851 , , 14     
1014, 262851 , , 14     
1015, 262852 , , 14     
1016, 262852 , , 14     
1017, 262852 , , 14     
1018, 262852 , , 14     
1019, 262852 , , 14     
1020, 262853 , , 14     
1021, 262854 , , 14     
1022, 262854 , , 14     
1023, 262854 , , 14     
1024, 262854 , , 14     
1025, 262854 , , 14     
1026, 262855 , , 14     
1027, 262855 , , 14     
1028, 262855 , , 14     
1029, 262855 , , 14     
1030, 262856 , , 14     
1031, 262857 , , 14     
1032, 262857 , , 14     
1033, 262857 , , 14     
1034, 262857 , , 13     
1035, 262858 , , 13     
1036, 262858 , , 13     
1037, 262858 , , 13     
1038, 262859 , , 13     
1039, 262860 , , 13     
1040, 262860 , , 13     
1041, 262860 , , 13     
1042, 262860 , , 13     
1043, 262860 , , 13     
1044, 262861 , , 13     
1045, 262861 , , 13     
1046, 262861 , , 13     
1047, 262861 , , 13     
1048, 262863 , , 13     
1049, 262863 , , 13     
1050, 262863 , , 13     
1051, 262863 , , 13     
1052, 262864 , , 13     
1053, 262864 , , 13     
1054, 262864 , , 13     
1055, 262864 , , 13     
1056, 262865 , , 13     
1057, 262866 , , 13     
1058, 262866 , , 13     
1059, 262866 , , 13     
1060, 262866 , , 13     
1061, 262866 , , 13     
1062, 262867 , , 13     
1063, 262867 , , 13     
1064, 262867 , , 13     
1065, 262867 , , 13     
1066, 262868 , , 13     
1067, 262869 , , 13     
1068, 262869 , , 13     
1069, 262869 , , 13     
1070, 262869 , , 13     
1071, 262870 , , 13     
1072, 262870 , , 13     
1073, 262870 , , 13     
1074, 262870 , , 13     
1075, 262870 , , 13     
1076, 262871 , , 13     
1077, 262872 , , 13     
1078, 262872 , , 13     
1079, 262872 , , 13     
1080, 262872 , , 13     
1081, 262873 , , 13     
1082, 262873 , , 13     
1083, 262873 , , 13     
1084, 262873 , , 13     
1085, 262873 , , 13     
1086, 262875 , , 13     
1087, 262875 , , 13     
1088, 262875 , , 13     
1089, 262876 , , 13     
1090, 262876 , , 13     
1091, 262876 , , 13     
1092, 262876 , , 13     
1093, 262877 , , 13     
1094, 262878 , , 13     
1095, 262878 , , 13     
1096, 262878 , , 13     
1097, 262879 , , 13     
1098, 262879 , , 13     
1099, 262879 , , 13     
1100, 262880 , , 13     
1101, 262880 , , 13     
1102, 262881 , , 13     
1103, 262881 , , 13     
1104, 262881 , , 13     
1105, 262881 , , 13     
1106, 262882 , , 13     
1107, 262882 , , 13     
1108, 262882 , , 13     
1109, 262882 , , 13     
1110, 262882 , , 13     
1111, 262883 , , 13     
1112, 262884 , , 13     
1113, 262884 , , 13     
1114, 262884 , , 13     
1115, 262884 , , 13     
1116, 262884 , , 13     
1117, 262885 , , 13     
1118, 262885 , , 13     
1119, 262885 , , 13     
1120, 262885 , , 13     
1121, 262887 , , 13     
1122, 262935 , , 14     
1123, 262936 , , 14     
1124, 262936 , , 14     
1125, 262936 , , 14     
1126, 262936 , , 14     
1127, 262937 , , 14     
1128, 262938 , , 14     
1129, 262938 , , 14     
1130, 262939 , , 14     
1131, 262939 , , 14     
1132, 262939 , , 14     
1133, 262939 , , 14     
1134, 262940 , , 14     
1135, 262940 , , 14     
1136, 262941 , , 14     
1137, 262941 , , 14     
1138, 262941 , , 14     
1139, 262941 , , 14     
1140, 262942 , , 14     
1141, 262942 , , 14     
1142, 262942 , , 14     
1143, 262942 , , 14     
1144, 262942 , , 14     
1145, 262943 , , 14     
1146, 262944 , , 14     
1147, 262944 , , 14     
1148, 262944 , , 14     
1149, 262944 , , 14     
1150, 262944 , , 14     
1151, 262945 , , 14     
1152, 262945 , , 14     
1153, 262945 , , 14     
1154, 262945 , , 14     
1155, 262947 , , 14     
1156, 262947 , , 14     
1157, 262947 , , 14     
1158, 262948 , , 14     
1159, 262948 , , 14     
1160, 262948 , , 14     
1161, 262948 , , 14     
1162, 262949 , , 14     
1163, 262950 , , 14     
1164, 262950 , , 14     
1165, 262950 , , 14     
1166, 262950 , , 14     
1167, 262951 , , 14     
1168, 262951 , , 14     
1169, 262951 , , 14     
1170, 262951 , , 14     
1171, 262951 , , 14     
1172, 262952 , , 14     
1173, 262953 , , 14     
1174, 262953 , , 14     
1175, 262953 , , 14     
1176, 262953 , , 14     
1177, 262953 , , 14     
1178, 262954 , , 14     
1179, 262954 , , 14     
1180, 262954 , , 14     
1181, 262954 , , 14     
1182, 262955 , , 14     
1183, 262956 , , 14     
1184, 262956 , , 14     
1185, 262956 , , 14     
1186, 262956 , , 14     
1187, 262956 , , 14     
1188, 262957 , , 14     
1189, 262957 , , 14     
1190, 262957 , , 14     
1191, 262957 , , 14     
1192, 262957 , , 14     
1193, 262959 , , 14     
1194, 262959 , , 14     
1195, 262960 , , 14     
1196, 262960 , , 14     
1197, 262960 , , 14     
1198, 262960 , , 14     
1199, 262960 , , 14     
1200, 262961 , , 14     
1201, 262962 , , 14     
1202, 262962 , , 14     
1203, 262962 , , 14     
1204, 262962 , , 14     
1205, 262962 , , 14     
1206, 262963 , , 14     
1207, 262963 , , 14     
1208, 262963 , , 14     
1209, 262963 , , 14     
1210, 262963 , , 14     
1211, 262964 , , 14     
1212, 262965 , , 14     
1213, 262965 , , 14     
1214, 262965 , , 14     
1215, 262965 , , 14     
1216, 262965 , , 14     
1217, 262966 , , 14     
1218, 262966 , , 14     
1219, 262966 , , 14     
1220, 262966 , , 14     
1221, 262966 , , 14     
1222, 262967 , , 14     
1223, 262968 , , 14     
1224, 262968 , , 14     
1225, 262969 , , 14     
1226, 262969 , , 14     
1227, 262969 , , 14     
1228, 262969 , , 14     
1229, 262971 , , 14     
1230, 262971 , , 14     
1231, 262971 , , 14     
1232, 262971 , , 14     
1233, 262972 , , 14     
1234, 262972 , , 14     
1235, 262972 , , 14     
1236, 262972 , , 14     
1237, 262973 , , 14     
1238, 262974 , , 14     
1239, 262974 , , 14     
1240, 262974 , , 14     
1241, 262974 , , 14     
1242, 262974 , , 14     
1243, 262975 , , 14     
1244, 262975 , , 14     
1245, 262975 , , 14     
1246, 262975 , , 14     
1247, 262975 , , 14     
1248, 262976 , , 14     
1249, 262977 , , 14     
1250, 262977 , , 14     
1251, 262977 , , 14     
1252, 262977 , , 14     
1253, 262978 , , 14     
1254, 262978 , , 14     
1255, 262978 , , 14     
1256, 262979 , , 14     
1257, 262980 , , 14     
1258, 262980 , , 14     
1259, 262980 , , 14     
1260, 262980 , , 14     
1261, 262980 , , 14     
1262, 262981 , , 14     
1263, 262981 , , 14     
1264, 263025 , , 19     
1265, 263025 , , 19     
1266, 263025 , , 19     
1267, 263026 , , 19     
1268, 263026 , , 19     
1269, 263026 , , 19     
1270, 263026 , , 19     
1271, 263026 , , 19     
1272, 263026 , , 19     
1273, 263028 , , 19     
1274, 263029 , , 19     
1275, 263029 , , 19     
1276, 263029 , , 19     
1277, 263029 , , 19     
1278, 263030 , , 19     
1279, 263031 , , 19     
1280, 263031 , , 19     
1281, 263031 , , 19     
1282, 263031 , , 19     
1283, 263032 , , 19     
1284, 263032 , , 19     
1285, 263032 , , 19     
1286, 263032 , , 19     
1287, 263032 , , 19     
1288, 263033 , , 19     
1289, 263034 , , 19     
1290, 263034 , , 19     
1291, 263034 , , 19     
1292, 263034 , , 19     
1293, 263035 , , 19     
1294, 263035 , , 19     
1295, 263035 , , 19     
1296, 263035 , , 19     
1297, 263035 , , 19     
1298, 263036 , , 19     
1299, 263037 , , 19     
1300, 263037 , , 19     
1301, 263037 , , 19     
1302, 263037 , , 19     
1303, 263037 , , 19     
1304, 263038 , , 19     
1305, 263038 , , 19     
1306, 263038 , , 19     
1307, 263040 , , 19     
1308, 263040 , , 19     
1309, 263040 , , 19     
1310, 263041 , , 19     
1311, 263041 , , 19     
1312, 263041 , , 19     
1313, 263041 , , 19     
1314, 263041 , , 19     
1315, 263042 , , 19     
1316, 263043 , , 19     
1317, 263043 , , 19     
1318, 263043 , , 19     
1319, 263043 , , 19     
1320, 263044 , , 19     
1321, 263044 , , 19     
1322, 263044 , , 19     
1323, 263044 , , 19     
1324, 263044 , , 19     
1325, 263045 , , 19     
1326, 263046 , , 19     
1327, 263046 , , 19     
1328, 263046 , , 19     
1329, 263046 , , 19     
1330, 263046 , , 19     
1331, 263047 , , 19     
1332, 263047 , , 19     
1333, 263047 , , 19     
1334, 263047 , , 19     
1335, 263048 , , 19     
1336, 263049 , , 19     
1337, 263049 , , 19     
1338, 263049 , , 19     
1339, 263050 , , 19     
1340, 263050 , , 19     
1341, 263050 , , 19     
1342, 263050 , , 19     
1343, 263050 , , 19     
1344, 263052 , , 8      
1345, 263052 , , 8      
1346, 263052 , , 8      
1347, 263053 , , 8      
1348, 263053 , , 8      
1349, 263053 , , 8      
1350, 263053 , , 8      
1351, 263053 , , 8      
1352, 263054 , , 8      
1353, 263055 , , 8      
1354, 263055 , , 8      
1355, 263055 , , 8      
1356, 263055 , , 8      
1357, 263055 , , 8      
1358, 263056 , , 8      
1359, 263056 , , 8      
1360, 263056 , , 8      
1361, 263056 , , 8      
1362, 263056 , , 8      
1363, 263057 , , 8      
1364, 263058 , , 8      
1365, 263058 , , 8      
1366, 263058 , , 8      
1367, 263059 , , 8      
1368, 263059 , , 8      
1369, 263059 , , 8      
1370, 263060 , , 8      
1371, 263060 , , 8      
1372, 263061 , , 8      
1373, 263061 , , 8      
1374, 263061 , , 8      
1375, 263061 , , 8      
1376, 263062 , , 8      
1377, 263062 , , 8      
1378, 263062 , , 8      
1379, 263062 , , 8      
1380, 263064 , , 8      
1381, 263064 , , 8      
1382, 263064 , , 8      
1383, 263064 , , 8      
1384, 263065 , , 8      
1385, 263065 , , 8      
1386, 263065 , , 8      
1387, 263065 , , 8      
1388, 263066 , , 8      
1389, 263066 , , 8      
1390, 263067 , , 8      
1391, 263067 , , 8      
1392, 263067 , , 8      
1393, 263067 , , 8      
1394, 263068 , , 8      
1395, 263068 , , 8      
1396, 263068 , , 8      
1397, 263069 , , 8      
1398, 263070 , , 8      
1399, 263070 , , 8      
1400, 263070 , , 8      
1401, 263070 , , 8      
1402, 263071 , , 8      
1403, 263071 , , 8      
1404, 263071 , , 8      
1405, 263071 , , 8      
1406, 263124 , , 7      
1407, 263125 , , 7      
1408, 263125 , , 7      
1409, 263125 , , 7      
1410, 263125 , , 7      
1411, 263127 , , 7      
1412, 263127 , , 7      
1413, 263127 , , 7      
1414, 263127 , , 7      
1415, 263128 , , 7      
1416, 263128 , , 7      
1417, 263128 , , 7      
1418, 263129 , , 7      
1419, 263130 , , 7      
1420, 263130 , , 7      
1421, 263130 , , 7      
1422, 263130 , , 7      
1423, 263130 , , 7      
1424, 263131 , , 7      
1425, 263131 , , 7      
1426, 263131 , , 7      
1427, 263131 , , 7      
1428, 263132 , , 7      
1429, 263133 , , 7      
1430, 263133 , , 7      
1431, 263133 , , 7      
1432, 263133 , , 7      
1433, 263133 , , 7      
1434, 263134 , , 7      
1435, 263134 , , 7      
1436, 263134 , , 7      
1437, 263134 , , 7      
1438, 263136 , , 7      
1439, 263136 , , 7      
1440, 263136 , , 7      
1441, 263136 , , 7      
1442, 263137 , , 7      
1443, 263137 , , 7      
1444, 263137 , , 7      
1445, 263137 , , 8      
1446, 263141 , , 8      
1447, 263141 , , 8      
1448, 263142 , , 8      
1449, 263142 , , 8      
1450, 263142 , , 8      
1451, 263142 , , 8      
1452, 263143 , , 8      
1453, 263144 , , 8      
1454, 263144 , , 8      
1455, 263144 , , 8      
1456, 263144 , , 8      
1457, 263144 , , 8      
1458, 263145 , , 8      
1459, 263145 , , 8      
1460, 263145 , , 8      
1461, 263145 , , 8      
1462, 263145 , , 8      
1463, 263150 , , 8      
1464, 263151 , , 8      
1465, 263151 , , 8      
1466, 263151 , , 8      
1467, 263152 , , 8      
1468, 263152 , , 8      
1469, 263152 , , 8      
1470, 263152 , , 8      
1471, 263152 , , 8      
1472, 263153 , , 8      
1473, 263153 , , 8      
1474, 263153 , , 8      
1475, 263153 , , 8      
1476, 263154 , , 8      
1477, 263154 , , 8      
1478, 263155 , , 8      
1479, 263155 , , 8      
1480, 263155 , , 8      
1481, 263155 , , 8      
1482, 263156 , , 8      
1483, 263156 , , 8      
1484, 263156 , , 8      
1485, 263156 , , 8      
1486, 263156 , , 8      
1487, 263158 , , 8      
1488, 263158 , , 8      
1489, 263159 , , 8      
1490, 263159 , , 8      
1491, 263159 , , 8      
1492, 263159 , , 8      
1493, 263160 , , 8      
1494, 263161 , , 8      
1495, 263161 , , 8      
1496, 263161 , , 8      
1497, 263161 , , 8      
1498, 263162 , , 8      
1499, 263162 , , 8      
1500, 263162 , , 8      
1501, 263162 , , 8      
1502, 263162 , , 8      
1503, 263163 , , 8      
1504, 263164 , , 8      
1505, 263164 , , 8      
1506, 263164 , , 8      
1507, 263164 , , 8      
1508, 263164 , , 8      
1509, 263164 , , 8      
1510, 263165 , , 8      
1511, 263165 , , 8      
1512, 263165 , , 8      
1513, 263165 , , 8      
1514, 263166 , , 8      
1515, 263167 , , 8      
1516, 263167 , , 8      
1517, 263167 , , 8      
1518, 263167 , , 8      
1519, 263168 , , 8      
1520, 263168 , , 8      
1521, 263168 , , 8      
1522, 263170 , , 8      
1523, 263170 , , 8      
1524, 263170 , , 8      
1525, 263171 , , 8      
1526, 263171 , , 8      
1527, 263171 , , 8      
1528, 263171 , , 8      
1529, 263171 , , 8      
1530, 263172 , , 8      
1531, 263173 , , 8      
1532, 263173 , , 8      
1533, 263173 , , 8      
1534, 263173 , , 8      
1535, 263174 , , 8      
1536, 263174 , , 8      
1537, 263174 , , 8      
1538, 263174 , , 8      
1539, 263174 , , 8      
1540, 263175 , , 8      
1541, 263176 , , 8      
1542, 263176 , , 8      
1543, 263176 , , 8      
1544, 263176 , , 8      
1545, 263177 , , 8      
1546, 263177 , , 8      
1547, 263209 , , 11     
1548, 263210 , , 11     
1549, 263210 , , 11     
1550, 263210 , , 11     
1551, 263210 , , 11     
1552, 263211 , , 11     
1553, 263211 , , 11     
1554, 263212 , , 11     
1555, 263212 , , 11     
1556, 263212 , , 11     
1557, 263212 , , 11     
1558, 263213 , , 11     
1559, 263213 , , 11     
1560, 263213 , , 11     
1561, 263213 , , 11     
1562, 263213 , , 11     
1563, 263214 , , 11     
1564, 263215 , , 11     
1565, 263215 , , 11     
1566, 263215 , , 11     
1567, 263215 , , 11     
1568, 263216 , , 11     
1569, 263216 , , 11     
1570, 263216 , , 11     
1571, 263216 , , 11     
1572, 263216 , , 11     
1573, 263218 , , 11     
1574, 263218 , , 11     
1575, 263219 , , 11     
1576, 263219 , , 11     
1577, 263219 , , 11     
1578, 263219 , , 11     
1579, 263220 , , 11     
1580, 263221 , , 11     
1581, 263221 , , 11     
1582, 263221 , , 11     
1583, 263221 , , 11     
1584, 263221 , , 11     
1585, 263222 , , 11     
1586, 263222 , , 11     
1587, 263222 , , 11     
1588, 263222 , , 11     
1589, 263222 , , 11     
1590, 263223 , , 11     
1591, 263224 , , 11     
1592, 263224 , , 11     
1593, 263224 , , 11     
1594, 263224 , , 11     
1595, 263224 , , 11     
1596, 263225 , , 11     
1597, 263225 , , 11     
1598, 263225 , , 11     
1599, 263225 , , 11     
1600, 263226 , , 11     
1601, 263226 , , 11     
1602, 263227 , , 11     
1603, 263227 , , 11     
1604, 263227 , , 11     
1605, 263227 , , 11     
1606, 263228 , , 11     
1607, 263228 , , 11     
1608, 263228 , , 11     
1609, 263230 , , 11     
1610, 263230 , , 11     
1611, 263230 , , 11     
1612, 263231 , , 11     
1613, 263231 , , 11     
1614, 263231 , , 11     
1615, 263231 , , 11     
1616, 263231 , , 11     
1617, 263232 , , 11     
1618, 263233 , , 11     
1619, 263233 , , 11     
1620, 263233 , , 11     
1621, 263233 , , 11     
1622, 263234 , , 11     
1623, 263234 , , 11     
1624, 263234 , , 11     
1625, 263234 , , 11     
1626, 263234 , , 11     
1627, 263234 , , 11     
1628, 263235 , , 11     
1629, 263236 , , 11     
1630, 263236 , , 11     
1631, 263236 , , 11     
1632, 263236 , , 11     
1633, 263237 , , 11     
1634, 263237 , , 11     
1635, 263237 , , 11     
1636, 263237 , , 11     
1637, 263237 , , 11     
1638, 263238 , , 11     
1639, 263239 , , 11     
1640, 263239 , , 11     
1641, 263239 , , 11     
1642, 263239 , , 11     
1643, 263240 , , 11     
1644, 263240 , , 11     
1645, 263240 , , 11     
1646, 263240 , , 11     
1647, 263240 , , 11     
1648, 263242 , , 11     
1649, 263242 , , 11     
1650, 263242 , , 11     
1651, 263242 , , 11     
1652, 263243 , , 11     
1653, 263243 , , 11     
1654, 263243 , , 11     
1655, 263243 , , 11     
1656, 263243 , , 11     
1657, 263244 , , 11     
1658, 263245 , , 11     
1659, 263245 , , 11     
1660, 263245 , , 11     
1661, 263245 , , 11     
1662, 263246 , , 11     
1663, 263246 , , 11     
1664, 263246 , , 11     
1665, 263246 , , 11     
1666, 263246 , , 11     
1667, 263247 , , 11     
1668, 263252 , , 11     
1669, 263252 , , 11     
1670, 263253 , , 11     
1671, 263253 , , 11     
1672, 263253 , , 11     
1673, 263254 , , 11     
1674, 263254 , , 11     
1675, 263254 , , 11     
1676, 263254 , , 11     
1677, 263254 , , 11     
1678, 263255 , , 11     
1679, 263255 , , 11     
1680, 263255 , , 11     
1681, 263256 , , 11     
1682, 263256 , , 11     
1683, 263257 , , 11     
1684, 263257 , , 11     
1685, 263258 , , 11     
1686, 263258 , , 11     
1687, 263258 , , 11     
1688, 263259 , , 11     
1689, 263317 , , 78     
1690, 263317 , , 78     
1691, 263317 , , 76     
1692, 263318 , , 76     
1693, 263318 , , 76     
1694, 263318 , , 76     
1695, 263321 , , 76     
1696, 263321 , , 76     
1697, 263322 , , 76     
1698, 263323 , , 76     
1699, 263323 , , 76     
1700, 263323 , , 76     
1701, 263323 , , 76     
1702, 263323 , , 76     
1703, 263324 , , 76     
1704, 263324 , , 76     
1705, 263324 , , 76     
1706, 263324 , , 76     
1707, 263325 , , 76     
1708, 263326 , , 76     
1709, 263326 , , 76     
1710, 263326 , , 76     
1711, 263326 , , 76     
1712, 263326 , , 76     
1713, 263326 , , 76     
1714, 263327 , , 76     
1715, 263327 , , 76     
1716, 263327 , , 76     
1717, 263328 , , 76     
1718, 263329 , , 76     
1719, 263329 , , 76     
1720, 263329 , , 76     
1721, 263329 , , 76     
1722, 263330 , , 76     
1723, 263330 , , 76     
1724, 263330 , , 76     
1725, 263330 , , 76     
1726, 263332 , , 76     
1727, 263332 , , 76     
1728, 263332 , , 76     
1729, 263332 , , 76     
1730, 263333 , , 76     
1731, 263333 , , 76     
1732, 263333 , , 76     
1733, 263333 , , 76     
1734, 263334 , , 76     
1735, 263335 , , 76     
1736, 263335 , , 76     
1737, 263335 , , 76     
1738, 263335 , , 76     
1739, 263335 , , 76     
1740, 263336 , , 76     
1741, 263336 , , 76     
1742, 263336 , , 76     
1743, 263336 , , 76     
1744, 263337 , , 76     
1745, 263338 , , 76     
1746, 263338 , , 76     
1747, 263338 , , 76     
1748, 263339 , , 76     
1749, 263339 , , 76     
1750, 263339 , , 76     
1751, 263339 , , 76     
1752, 263340 , , 76     
1753, 263340 , , 76     
1754, 263341 , , 76     
1755, 263341 , , 76     
1756, 263341 , , 76     
1757, 263342 , , 76     
1758, 263342 , , 76     
1759, 263342 , , 76     
1760, 263342 , , 76     
1761, 263342 , , 76     
1762, 263344 , , 76     
1763, 263344 , , 76     
1764, 263344 , , 76     
1765, 263344 , , 76     
1766, 263345 , , 76     
1767, 263345 , , 76     
1768, 263345 , , 76     
1769, 263345 , , 76     
1770, 263346 , , 76     
1771, 263346 , , 76     
1772, 263347 , , 76     
1773, 263347 , , 76     
1774, 263347 , , 76     
1775, 263347 , , 76     
1776, 263348 , , 76     
1777, 263348 , , 76     
1778, 263348 , , 76     
1779, 263349 , , 76     
1780, 263350 , , 76     
1781, 263350 , , 76     
1782, 263350 , , 76     
1783, 263350 , , 76     
1784, 263351 , , 76     
1785, 263351 , , 76     
1786, 263351 , , 76     
1787, 263351 , , 76     
1788, 263351 , , 76     
1789, 263352 , , 76     
1790, 263353 , , 76     
1791, 263353 , , 76     
1792, 263353 , , 76     
1793, 263353 , , 76     
1794, 263353 , , 76     
1795, 263354 , , 76     
1796, 263354 , , 76     
1797, 263354 , , 76     
1798, 263354 , , 76     
1799, 263354 , , 76     
1800, 263356 , , 76     
1801, 263356 , , 76     
1802, 263356 , , 76     
1803, 263357 , , 76     
1804, 263357 , , 76     
1805, 263357 , , 76     
1806, 263357 , , 76     
1807, 263358 , , 32     
1808, 263359 , , 32     
1809, 263359 , , 32     
1810, 263359 , , 32     
1811, 263359 , , 32     
1812, 263360 , , 32     
1813, 263360 , , 32     
1814, 263360 , , 32     
1815, 263360 , , 32     
1816, 263361 , , 32     
1817, 263361 , , 32     
1818, 263362 , , 32     
1819, 263362 , , 32     
1820, 263362 , , 32     
1821, 263362 , , 32     
1822, 263363 , , 32     
1823, 263363 , , 32     
1824, 263363 , , 32     
1825, 263363 , , 32     
1826, 263363 , , 32     
1827, 263364 , , 32     
1828, 263364 , , 32     
1829, 263365 , , 32     
1830, 263365 , , 32     
1831, 263430 , , 32     
1832, 263430 , , 32     
1833, 263430 , , 32     
1834, 263431 , , 32     
1835, 263431 , , 32     
1836, 263431 , , 32     
1837, 263431 , , 32     
1838, 263432 , , 32     
1839, 263433 , , 32     
1840, 263433 , , 32     
1841, 263433 , , 32     
1842, 263433 , , 32     
1843, 263434 , , 32     
1844, 263434 , , 32     
1845, 263434 , , 32     
1846, 263434 , , 32     
1847, 263434 , , 32     
1848, 263435 , , 32     
1849, 263436 , , 32     
1850, 263436 , , 32     
1851, 263436 , , 32     
1852, 263436 , , 32     
1853, 263437 , , 32     
1854, 263437 , , 32     
1855, 263437 , , 32     
1856, 263437 , , 32     
1857, 263437 , , 32     
1858, 263439 , , 32     
1859, 263440 , , 32     
1860, 263440 , , 32     
1861, 263440 , , 32     
1862, 263440 , , 32     
1863, 263440 , , 32     
1864, 263441 , , 32     
1865, 263442 , , 32     
1866, 263442 , , 32     
1867, 263442 , , 32     
1868, 263442 , , 32     
1869, 263443 , , 32     
1870, 263443 , , 32     
1871, 263443 , , 32     
1872, 263443 , , 32     
1873, 263443 , , 32     
1874, 263444 , , 32     
1875, 263445 , , 32     
1876, 263445 , , 32     
1877, 263445 , , 32     
1878, 263445 , , 32     
1879, 263445 , , 32     
1880, 263446 , , 32     
1881, 263446 , , 32     
1882, 263446 , , 32     
1883, 263446 , , 32     
1884, 263447 , , 32     
1885, 263447 , , 32     
1886, 263448 , , 32     
1887, 263448 , , 32     
1888, 263448 , , 32     
1889, 263449 , , 32     
1890, 263449 , , 32     
1891, 263449 , , 32     
1892, 263451 , , 32     
1893, 263451 , , 32     
1894, 263451 , , 32     
1895, 263452 , , 32     
1896, 263452 , , 32     
1897, 263452 , , 32     
1898, 263452 , , 32     
1899, 263452 , , 34     
1900, 263453 , , 34     
1901, 263454 , , 34     
1902, 263454 , , 34     
1903, 263454 , , 34     
1904, 263454 , , 34     
1905, 263454 , , 34     
1906, 263455 , , 34     
1907, 263455 , , 34     
1908, 263455 , , 34     
1909, 263455 , , 34     
1910, 263455 , , 34     
1911, 263456 , , 34     
1912, 263457 , , 34     
1913, 263457 , , 34     
1914, 263457 , , 34     
1915, 263457 , , 34     
1916, 263458 , , 34     
1917, 263458 , , 34     
1918, 263458 , , 34     
1919, 263458 , , 34     
1920, 263459 , , 34     
1921, 263460 , , 34     
1922, 263460 , , 34     
1923, 263460 , , 34     
1924, 263460 , , 34     
1925, 263461 , , 34     
1926, 263461 , , 34     
1927, 263461 , , 34     
1928, 263461 , , 34     
1929, 263461 , , 34     
1930, 263463 , , 34     
1931, 263463 , , 34     
1932, 263463 , , 34     
1933, 263464 , , 34     
1934, 263464 , , 34     
1935, 263464 , , 34     
1936, 263464 , , 34     
1937, 263464 , , 34     
1938, 263465 , , 34     
1939, 263466 , , 34     
1940, 263466 , , 34     
1941, 263466 , , 34     
1942, 263466 , , 34     
1943, 263466 , , 34     
1944, 263467 , , 34     
1945, 263467 , , 34     
1946, 263467 , , 34     
1947, 263467 , , 34     
1948, 263468 , , 34     
1949, 263469 , , 34     
1950, 263469 , , 34     
1951, 263469 , , 34     
1952, 263470 , , 34     
1953, 263470 , , 34     
1954, 263470 , , 34     
1955, 263470 , , 34     
1956, 263470 , , 34     
1957, 263471 , , 34     
1958, 263471 , , 34     
1959, 263472 , , 34     
1960, 263472 , , 34     
1961, 263472 , , 34     
1962, 263472 , , 34     
1963, 263472 , , 34     
1964, 263473 , , 34     
1965, 263473 , , 34     
1966, 263473 , , 34     
1967, 263473 , , 34     
1968, 263475 , , 32     
1969, 263475 , , 32     
1970, 263475 , , 32     
1971, 263475 , , 32     
1972, 263476 , , 32     
1973, 263529 , , 32     
1974, 263530 , , 32     
1975, 263530 , , 32     
1976, 263530 , , 32     
1977, 263530 , , 32     
1978, 263532 , , 32     
1979, 263532 , , 32     
1980, 263532 , , 32     
1981, 263532 , , 32     
1982, 263533 , , 32     
1983, 263533 , , 32     
1984, 263533 , , 32     
1985, 263533 , , 32     
1986, 263533 , , 32     
1987, 263536 , , 32     
1988, 263536 , , 32     
1989, 263537 , , 32     
1990, 263537 , , 32     
1991, 263537 , , 32     
1992, 263538 , , 32     
1993, 263538 , , 32     
1994, 263538 , , 32     
1995, 263539 , , 32     
1996, 263539 , , 32     
1997, 263539 , , 32     
1998, 263539 , , 32     
1999, 263540 , , 32     
2000, 263540 , , 32     
2001, 263541 , , 32     
2002, 263541 , , 32     
2003, 263541 , , 32     
2004, 263541 , , 32     
2005, 263542 , , 32     
2006, 263542 , , 32     
2007, 263542 , , 32     
2008, 263542 , , 32     
2009, 263543 , , 32     
2010, 263544 , , 32     
2011, 263544 , , 32     
2012, 263544 , , 32     
2013, 263544 , , 32     
2014, 263544 , , 32     
2015, 263545 , , 32     
2016, 263545 , , 32     
2017, 263545 , , 32     
2018, 263545 , , 32     
2019, 263545 , , 32     
2020, 263547 , , 33     
2021, 263547 , , 33     
2022, 263547 , , 33     
2023, 263548 , , 33     
2024, 263548 , , 33     
2025, 263548 , , 33     
2026, 263549 , , 33     
2027, 263550 , , 33     
2028, 263550 , , 33     
2029, 263550 , , 33     
2030, 263550 , , 33     
2031, 263550 , , 33     
2032, 263551 , , 33     
2033, 263551 , , 33     
2034, 263551 , , 33     
2035, 263551 , , 33     
2036, 263552 , , 33     
2037, 263553 , , 33     
2038, 263553 , , 33     
2039, 263553 , , 33     
2040, 263553 , , 33     
2041, 263553 , , 33     
2042, 263554 , , 33     
2043, 263554 , , 33     
2044, 263554 , , 33     
2045, 263554 , , 33     
2046, 263555 , , 33     
2047, 263555 , , 33     
2048, 263556 , , 33     
2049, 263556 , , 33     
2050, 263556 , , 33     
2051, 263556 , , 33     
2052, 263557 , , 33     
2053, 263557 , , 33     
2054, 263557 , , 33     
2055, 263557 , , 33     
2056, 263559 , , 33     
2057, 263559 , , 33     
2058, 263560 , , 33     
2059, 263560 , , 33     
2060, 263560 , , 33     
2061, 263560 , , 33     
2062, 263561 , , 33     
2063, 263562 , , 33     
2064, 263562 , , 33     
2065, 263562 , , 33     
2066, 263562 , , 33     
2067, 263562 , , 33     
2068, 263563 , , 33     
2069, 263563 , , 33     
2070, 263563 , , 33     
2071, 263563 , , 33     
2072, 263564 , , 33     
2073, 263564 , , 33     
2074, 263565 , , 33     
2075, 263565 , , 33     
2076, 263565 , , 33     
2077, 263566 , , 33     
2078, 263566 , , 33     
2079, 263566 , , 33     
2080, 263566 , , 33     
2081, 263566 , , 33     
2082, 263567 , , 33     
2083, 263568 , , 32     
2084, 263568 , , 32     
2085, 263569 , , 32     
2086, 263569 , , 32     
2087, 263569 , , 32     
2088, 263569 , , 32     
2089, 263571 , , 32     
2090, 263571 , , 32     
2091, 263571 , , 32     
2092, 263571 , , 32     
2093, 263572 , , 32     
2094, 263572 , , 32     
2095, 263572 , , 32     
2096, 263572 , , 32     
2097, 263573 , , 32     
2098, 263573 , , 32     
2099, 263574 , , 32     
2100, 263574 , , 32     
2101, 263574 , , 32     
2102, 263574 , , 32     
2103, 263575 , , 32     
2104, 263575 , , 32     
2105, 263575 , , 32     
2106, 263575 , , 32     
2107, 263575 , , 32     
2108, 263576 , , 32     
2109, 263577 , , 32     
2110, 263577 , , 32     
2111, 263577 , , 32     
2112, 263577 , , 32     
2113, 263582 , , 32     
2114, 263582 , , 32     
2115, 263625 , , 32     
2116, 263625 , , 32     
2117, 263625 , , 32     
2118, 263626 , , 32     
2119, 263626 , , 32     
2120, 263626 , , 32     
2121, 263626 , , 32     
2122, 263626 , , 32     
2123, 263628 , , 32     
2124, 263628 , , 32     
2125, 263629 , , 32     
2126, 263629 , , 32     
2127, 263629 , , 32     
2128, 263630 , , 32     
2129, 263630 , , 32     
2130, 263631 , , 32     
2131, 263631 , , 32     
2132, 263631 , , 32     
2133, 263631 , , 32     
2134, 263632 , , 32     
2135, 263632 , , 32     
2136, 263632 , , 32     
2137, 263632 , , 32     
2138, 263632 , , 32     
2139, 263633 , , 32     
2140, 263634 , , 32     
2141, 263634 , , 32     
2142, 263634 , , 32     
2143, 263634 , , 32     
2144, 263634 , , 32     
2145, 263635 , , 32     
2146, 263635 , , 32     
2147, 263635 , , 32     
2148, 263635 , , 32     
2149, 263636 , , 32     
2150, 263636 , , 32     
2151, 263637 , , 32     
2152, 263637 , , 32     
2153, 263637 , , 32     
2154, 263638 , , 32     
2155, 263638 , , 32     
2156, 263638 , , 32     
2157, 263640 , , 32     
2158, 263641 , , 32     
2159, 263641 , , 32     
2160, 263641 , , 32     
2161, 263641 , , 32     
2162, 263642 , , 32     
2163, 263643 , , 32     
2164, 263643 , , 32     
2165, 263643 , , 32     
2166, 263643 , , 32     
2167, 263644 , , 32     
2168, 263644 , , 32     
2169, 263644 , , 32     
2170, 263644 , , 32     
2171, 263644 , , 32     
2172, 263645 , , 32     
2173, 263646 , , 32     
2174, 263646 , , 32     
2175, 263646 , , 32     
2176, 263646 , , 32     
2177, 263646 , , 32     
2178, 263647 , , 32     
2179, 263647 , , 32     
2180, 263647 , , 32     
2181, 263647 , , 32     
2182, 263648 , , 32     
2183, 263649 , , 32     
2184, 263649 , , 32     
2185, 263649 , , 32     
2186, 263650 , , 32     
2187, 263650 , , 32     
2188, 263650 , , 32     
2189, 263650 , , 32     
2190, 263650 , , 32     
2191, 263652 , , 32     
2192, 263652 , , 32     
2193, 263652 , , 32     
2194, 263653 , , 32     
2195, 263653 , , 32     
2196, 263653 , , 32     
2197, 263653 , , 32     
2198, 263653 , , 32     
2199, 263654 , , 32     
2200, 263655 , , 32     
2201, 263655 , , 32     
2202, 263655 , , 32     
2203, 263655 , , 32     
2204, 263656 , , 32     
2205, 263656 , , 32     
2206, 263656 , , 32     
2207, 263656 , , 32     
2208, 263656 , , 32     
2209, 263657 , , 32     
2210, 263658 , , 32     
2211, 263658 , , 32     
2212, 263658 , , 32     
2213, 263659 , , 32     
2214, 263659 , , 32     
2215, 263659 , , 32     
2216, 263660 , , 32     
2217, 263661 , , 32     
2218, 263661 , , 32     
2219, 263661 , , 32     
2220, 263661 , , 32     
2221, 263661 , , 32     
2222, 263662 , , 32     
2223, 263662 , , 32     
2224, 263662 , , 32     
2225, 263662 , , 32     
2226, 263664 , , 32     
2227, 263664 , , 32     
2228, 263664 , , 32     
2229, 263664 , , 32     
2230, 263665 , , 32     
2231, 263665 , , 32     
2232, 263665 , , 32     
2233, 263666 , , 32     
2234, 263666 , , 32     
2235, 263667 , , 32     
2236, 263667 , , 32     
2237, 263667 , , 32     
2238, 263667 , , 32     
2239, 263668 , , 32     
2240, 263668 , , 32     
2241, 263668 , , 32     
2242, 263669 , , 32     
2243, 263670 , , 32     
2244, 263670 , , 32     
2245, 263670 , , 32     
2246, 263670 , , 32     
2247, 263670 , , 32     
2248, 263671 , , 32     
2249, 263671 , , 32     
2250, 263671 , , 32     
2251, 263672 , , 32     
2252, 263672 , , 32     
2253, 263673 , , 32     
2254, 263673 , , 32     
2255, 263673 , , 32     
2256, 263673 , , 32     
2257, 263729 , , 32     
2258, 263729 , , 32     
2259, 263730 , , 32     
2260, 263730 , , 32     
2261, 263730 , , 32     
2262, 263730 , , 32     
2263, 263731 , , 32     
2264, 263732 , , 32     
2265, 263732 , , 32     
2266, 263732 , , 32     
2267, 263732 , , 32     
2268, 263733 , , 32     
2269, 263733 , , 32     
2270, 263733 , , 32     
2271, 263733 , , 32     
2272, 263733 , , 32     
2273, 263735 , , 32     
2274, 263735 , , 32     
2275, 263735 , , 32     
2276, 263735 , , 32     
2277, 263736 , , 32     
2278, 263736 , , 32     
2279, 263736 , , 32     
2280, 263736 , , 32     
2281, 263737 , , 32     
2282, 263738 , , 32     
2283, 263738 , , 32     
2284, 263738 , , 32     
2285, 263739 , , 32     
2286, 263739 , , 32     
2287, 263739 , , 32     
2288, 263739 , , 32     
2289, 263740 , , 32     
2290, 263740 , , 32     
2291, 263741 , , 32     
2292, 263741 , , 32     
2293, 263741 , , 32     
2294, 263741 , , 32     
2295, 263742 , , 32     
2296, 263742 , , 32     
2297, 263742 , , 32     
2298, 263742 , , 32     
2299, 263742 , , 32     
2300, 263743 , , 32     
2301, 263744 , , 32     
2302, 263744 , , 32     
2303, 263744 , , 32     
2304, 263744 , , 32     
2305, 263744 , , 32     
2306, 263745 , , 32     
2307, 263745 , , 32     
2308, 263745 , , 32     
2309, 263745 , , 32     
2310, 263748 , , 32     
2311, 263748 , , 32     
2312, 263748 , , 32     
2313, 263749 , , 32     
2314, 263750 , , 32     
2315, 263750 , , 32     
2316, 263750 , , 32     
2317, 263750 , , 32     
2318, 263751 , , 32     
2319, 263751 , , 32     
2320, 263751 , , 32     
2321, 263751 , , 32     
2322, 263752 , , 32     
2323, 263752 , , 32     
2324, 263753 , , 32     
2325, 263753 , , 32     
2326, 263753 , , 32     
2327, 263753 , , 32     
2328, 263754 , , 32     
2329, 263754 , , 32     
2330, 263754 , , 32     
2331, 263754 , , 32     
2332, 263754 , , 32     
2333, 263755 , , 32     
2334, 263756 , , 32     
2335, 263756 , , 32     
2336, 263756 , , 32     
2337, 263756 , , 32     
2338, 263756 , , 32     
2339, 263757 , , 32     
2340, 263757 , , 32     
2341, 263757 , , 32     
2342, 263757 , , 32     
2343, 263759 , , 32     
2344, 263759 , , 32     
2345, 263760 , , 32     
2346, 263760 , , 32     
2347, 263760 , , 32     
2348, 263760 , , 32     
2349, 263760 , , 32     
2350, 263761 , , 32     
2351, 263762 , , 32     
2352, 263762 , , 32     
2353, 263762 , , 32     
2354, 263762 , , 32     
2355, 263763 , , 32     
2356, 263763 , , 32     
2357, 263763 , , 32     
2358, 263763 , , 32     
2359, 263763 , , 32     
2360, 263764 , , 32     
2361, 263764 , , 32     
2362, 263765 , , 32     
2363, 263765 , , 32     
2364, 263765 , , 32     
2365, 263766 , , 32     
2366, 263766 , , 32     
2367, 263766 , , 32     
2368, 263766 , , 32     
2369, 263766 , , 32     
2370, 263767 , , 32     
2371, 263768 , , 32     
2372, 263768 , , 32     
2373, 263768 , , 32     
2374, 263769 , , 32     
2375, 263769 , , 32     
2376, 263769 , , 32     
2377, 263769 , , 32     
2378, 263771 , , 32     
2379, 263771 , , 32     
2380, 263771 , , 32     
2381, 263772 , , 32     
2382, 263772 , , 32     
2383, 263772 , , 32     
2384, 263772 , , 32     
2385, 263772 , , 32     
2386, 263772 , , 32     
2387, 263773 , , 32     
2388, 263774 , , 32     
2389, 263774 , , 32     
2390, 263774 , , 32     
2391, 263774 , , 32     
2392, 263775 , , 32     
2393, 263775 , , 32     
2394, 263775 , , 32     
2395, 263775 , , 32     
2396, 263776 , , 32     
2397, 263776 , , 32     
2398, 263777 , , 32     
2399, 263836 , , 32     
2400, 263836 , , 32     
2401, 263837 , , 32     
2402, 263837 , , 32     
2403, 263837 , , 32     
2404, 263837 , , 32     
2405, 263839 , , 32     
2406, 263839 , , 32     
2407, 263839 , , 32     
2408, 263840 , , 32     
2409, 263840 , , 32     
2410, 263840 , , 32     
2411, 263840 , , 32     
2412, 263840 , , 32     
2413, 263842 , , 32     
2414, 263842 , , 32     
2415, 263842 , , 32     
2416, 263842 , , 32     
2417, 263843 , , 32     
2418, 263843 , , 32     
2419, 263843 , , 32     
2420, 263843 , , 32     
2421, 263844 , , 32     
2422, 263844 , , 32     
2423, 263845 , , 32     
2424, 263845 , , 32     
2425, 263845 , , 32     
2426, 263845 , , 32     
2427, 263846 , , 32     
2428, 263846 , , 32     
2429, 263846 , , 32     
2430, 263846 , , 32     
2431, 263846 , , 32     
2432, 263847 , , 32     
2433, 263848 , , 32     
2434, 263848 , , 32     
2435, 263848 , , 32     
2436, 263849 , , 32     
2437, 263849 , , 32     
2438, 263849 , , 32     
2439, 263849 , , 32     
2440, 263850 , , 32     
2441, 263851 , , 32     
2442, 263851 , , 32     
2443, 263851 , , 32     
2444, 263851 , , 32     
2445, 263852 , , 32     
2446, 263852 , , 32     
2447, 263852 , , 32     
2448, 263852 , , 32     
2449, 263852 , , 32     
2450, 263854 , , 32     
2451, 263854 , , 32     
2452, 263855 , , 32     
2453, 263855 , , 32     
2454, 263855 , , 32     
2455, 263855 , , 32     
2456, 263855 , , 32     
2457, 263856 , , 32     
2458, 263857 , , 32     
2459, 263857 , , 32     
2460, 263857 , , 32     
2461, 263857 , , 32     
2462, 263858 , , 32     
2463, 263858 , , 32     
2464, 263858 , , 32     
2465, 263859 , , 32     
2466, 263860 , , 32     
2467, 263860 , , 32     
2468, 263860 , , 32     
2469, 263860 , , 32     
2470, 263860 , , 32     
2471, 263861 , , 32     
2472, 263861 , , 32     
2473, 263861 , , 32     
2474, 263861 , , 32     
2475, 263862 , , 32     
2476, 263862 , , 32     
2477, 263863 , , 32     
2478, 263863 , , 32     
2479, 263863 , , 32     
2480, 263863 , , 32     
2481, 263864 , , 32     
2482, 263864 , , 32     
2483, 263864 , , 32     
2484, 263864 , , 32     
2485, 263864 , , 32     
2486, 263866 , , 32     
2487, 263866 , , 32     
2488, 263866 , , 32     
2489, 263867 , , 32     
2490, 263867 , , 32     
2491, 263867 , , 32     
2492, 263867 , , 32     
2493, 263867 , , 32     
2494, 263869 , , 32     
2495, 263869 , , 32     
2496, 263869 , , 32     
2497, 263869 , , 32     
2498, 263870 , , 32     
2499, 263870 , , 32     
2500, 263870 , , 32     
2501, 263870 , , 32     
2502, 263871 , , 32     
2503, 263871 , , 32     
2504, 263872 , , 32     
2505, 263872 , , 32     
2506, 263872 , , 32     
2507, 263872 , , 32     
2508, 263872 , , 32     
2509, 263873 , , 32     
2510, 263873 , , 32     
2511, 263873 , , 32     
2512, 263873 , , 32     
2513, 263874 , , 32     
2514, 263875 , , 32     
2515, 263875 , , 32     
2516, 263875 , , 32     
2517, 263875 , , 32     
2518, 263875 , , 32     
2519, 263876 , , 32     
2520, 263876 , , 32     
2521, 263876 , , 32     
2522, 263876 , , 32     
2523, 263878 , , 32     
2524, 263878 , , 32     
2525, 263879 , , 32     
2526, 263879 , , 32     
2527, 263879 , , 32     
2528, 263879 , , 32     
2529, 263880 , , 32     
2530, 263881 , , 32     
2531, 263881 , , 32     
2532, 263881 , , 32     
2533, 263881 , , 32     
2534, 263882 , , 32     
2535, 263882 , , 32     
2536, 263882 , , 32     
2537, 263882 , , 32     
2538, 263882 , , 32     
2539, 263883 , , 32     
2540, 263884 , , 32     
2541, 263941 , , 44     
2542, 263941 , , 44     
2543, 263941 , , 44     
2544, 263942 , , 44     
2545, 263942 , , 44     
2546, 263942 , , 44     
2547, 263942 , , 44     
2548, 263943 , , 44     
2549, 263944 , , 44     
2550, 263944 , , 44     
2551, 263944 , , 44     
2552, 263944 , , 44     
2553, 263944 , , 44     
2554, 263945 , , 44     
2555, 263945 , , 44     
2556, 263945 , , 44     
2557, 263945 , , 44     
2558, 263945 , , 44     
2559, 263946 , , 44     
2560, 263947 , , 44     
2561, 263947 , , 44     
2562, 263947 , , 44     
2563, 263948 , , 44     
2564, 263948 , , 44     
2565, 263948 , , 44     
2566, 263950 , , 44     
2567, 263950 , , 44     
2568, 263950 , , 44     
2569, 263951 , , 44     
2570, 263951 , , 44     
2571, 263951 , , 44     
2572, 263951 , , 44     
2573, 263951 , , 44     
2574, 263952 , , 44     
2575, 263953 , , 44     
2576, 263953 , , 44     
2577, 263953 , , 44     
2578, 263953 , , 44     
2579, 263954 , , 44     
2580, 263954 , , 44     
2581, 263954 , , 44     
2582, 263954 , , 44     
2583, 263954 , , 44     
2584, 263955 , , 44     
2585, 263956 , , 44     
2586, 263956 , , 44     
2587, 263956 , , 44     
2588, 263956 , , 255    
2589, 263957 , , 255    
2590, 263957 , , 255    
2591, 263957 , , 255    
2592, 263957 , , 255    
2593, 263958 , , 255    
2594, 263959 , , 255    
2595, 263959 , , 255    
2596, 263959 , , 255    
2597, 263959 , , 255    
2598, 263960 , , 255    
2599, 263960 , , 255    
2600, 263960 , , 255    
2601, 263960 , , 255    
2602, 263960 , , 255    
2603, 263962 , , 255    
2604, 263962 , , 255    
2605, 263962 , , 255    
2606, 263963 , , 255    
2607, 263963 , , 255    
2608, 263963 , , 255    
2609, 263963 , , 255    
2610, 263964 , , 255    
2611, 263964 , , 255    
2612, 263965 , , 255    
2613, 263965 , , 255    
2614, 263965 , , 255    
2615, 263965 , , 255    
2616, 263966 , , 255    
2617, 263966 , , 255    
2618, 263966 , , 255    
2619, 263966 , , 255    
2620, 263966 , , 255    
2621, 263967 , , 255    
2622, 263968 , , 255    
2623, 263968 , , 255    
2624, 263968 , , 255    
2625, 263969 , , 255    
2626, 263969 , , 255    
2627, 263969 , , 255    
2628, 263969 , , 255    
2629, 263970 , , 255    
2630, 263970 , , 255    
2631, 263971 , , 255    
2632, 263971 , , 255    
2633, 263971 , , 255    
2634, 263971 , , 255    
2635, 263972 , , 255    
2636, 263972 , , 255    
2637, 263972 , , 255    
2638, 263972 , , 255    
2639, 263972 , , 255    
2640, 263974 , , 255    
2641, 263974 , , 255    
2642, 263974 , , 255    
2643, 263975 , , 255    
2644, 263975 , , 255    
2645, 263975 , , 255    
2646, 263975 , , 255    
2647, 263975 , , 255    
2648, 263976 , , 255    
2649, 263977 , , 255    
2650, 263977 , , 255    
2651, 263977 , , 255    
2652, 263977 , , 255    
2653, 263978 , , 255    
2654, 263978 , , 255    
2655, 263978 , , 255    
2656, 263979 , , 255    
2657, 263980 , , 255    
2658, 263980 , , 255    
2659, 263980 , , 255    
2660, 263980 , , 255    
2661, 263981 , , 255    
2662, 263981 , , 255    
2663, 263981 , , 255    
2664, 263981 , , 255    
2665, 263981 , , 255    
2666, 263982 , , 255    
2667, 263983 , , 255    
2668, 263983 , , 255    
2669, 263983 , , 255    
2670, 263983 , , 255    
